2 0
2 0
2 0
2 0
2 0
2 0
2 0
2 0
2 0
2 0
2 0
2 0
2 0
2 0
2 0
2 0
2 0
2 0
2 0
2 0
2 0
2 0
2 0
2 0
2 0
3 0
3 0
3 0
3 0
3 0
3 0
3 0
3 0
3 0
3 0
3 0
3 0
3 0
3 0
3 0
3 0
3 0
3 0
3 0
3 0
3 0
3 0
3 0
3 0
3 0
4 0
4 0
4 0
4 0
4 0
4 0
4 0
4 0
4 0
4 0
4 0
4 0
4 0
4 0
4 0
4 0
4 0
4 0
4 0
4 0
4 0
4 0
4 0
4 0
4 0
5 0
5 0
5 0
5 0
5 0
5 0
5 0
5 0
5 0
5 0
5 0
5 0
5 0
5 0
5 0
5 0
5 0
5 0
5 0
5 0
5 0
5 0
5 0
5 0
5 0
6 0
6 0
6 0
6 0
6 0
6 0
6 0
6 0
6 0
6 0
6 0
6 0
6 0
6 0
6 0
6 0
6 0
6 0
6 0
6 0
6 0
6 0
6 0
6 0
6 0
7 1
7 1
7 1
7 1
7 1
7 1
7 1
7 1
7 1
7 1
7 1
7 1
7 1
7 1
7 1
7 1
7 1
7 1
7 1
7 1
7 1
7 1
7 1
7 1
7 1
8 2
8 2
8 2
8 2
8 2
8 2
8 2
8 2
8 2
8 2
8 2
8 2
8 2
8 2
8 3
8 2
8 2
8 2
8 2
8 2
8 2
8 2
8 2
8 2
8 2
9 3
9 3
9 3
9 3
9 3
9 3
9 3
9 3
9 3
9 3
9 3
9 3
9 3
9 3
9 3
9 3
9 3
9 3
9 3
9 5
9 3
9 3
9 3
9 3
9 3
10 6
10 7
10 6
10 6
10 7
10 6
10 7
10 6
10 6
10 6
10 7
10 7
10 6
10 7
10 6
10 6
10 6
10 6
10 6
10 6
10 7
10 6
10 7
10 7
10 6
11 13
11 13
11 13
11 13
11 13
11 13
11 13
11 12
11 13
11 13
11 13
11 13
11 13
11 13
11 13
11 13
11 13
11 13
11 13
11 13
11 13
11 13
11 13
11 13
11 13
12 34
12 31
12 34
12 26
12 26
12 26
12 26
12 25
12 26
12 26
12 26
12 26
12 26
12 25
12 25
12 26
12 25
12 25
12 26
12 26
12 26
12 25
12 26
12 25
12 36
13 51
13 66
13 66
13 82
13 66
13 66
13 67
13 66
13 51
13 51
13 51
13 51
13 51
13 51
13 51
13 51
13 51
13 51
13 51
13 51
13 51
13 51
13 51
13 51
13 51
14 102
14 102
14 102
14 102
14 102
14 102
14 102
14 102
14 102
14 102
14 102
14 102
14 102
14 102
14 102
14 102
14 115
14 102
14 102
14 102
14 102
14 102
14 102
14 102
14 102
15 204
15 204
15 204
15 204
15 198
15 198
15 198
15 222
15 204
15 263
15 204
15 204
15 198
15 198
15 204
15 197
15 204
15 198
15 204
15 209
15 211
15 198
15 204
15 204
15 204
16 408
16 408
16 408
16 505
16 408
16 407
16 395
16 395
16 395
16 395
16 483
16 506
16 516
16 506
16 517
16 506
16 586
16 574
16 575
16 575
16 574
16 633
16 634
16 632
16 633
17 1264
17 1148
17 1163
17 1148
17 886
17 789
17 815
17 789
17 815
17 789
17 815
17 815
17 815
17 815
17 852
17 876
17 862
17 865
17 1046
17 789
17 815
17 815
17 815
17 815
17 989
18 1704
18 1631
18 1578
18 1910
18 2029
18 2071
18 2034
18 1629
18 1629
18 1643
18 1661
18 1578
18 1629
18 1676
18 1638
18 1578
18 1578
18 1674
18 1578
18 1578
18 1611
18 1646
18 1578
18 1600
18 1634
19 3216
19 3419
19 3476
19 3669
19 3191
19 3708
19 4654
19 4189
19 3269
19 3266
19 3257
19 3256
19 3284
19 3268
19 3267
19 3307
19 3270
19 3284
19 3464
19 3257
19 3270
19 3285
19 3267
19 3287
19 3687
20 6743
20 6404
20 6626
20 6445
20 7028
20 6372
20 6445
20 6386
20 6533
20 6759
20 6553
20 6793
20 9101
20 7100
20 6527
20 6733
20 8102
20 9201
20 6392
20 6409
20 6840
20 8100
20 6364
20 7419
20 8402
21 13647
21 12982
21 12765
21 12852
21 13082
21 14563
21 12934
21 14475
21 13014
21 12913
21 12717
21 12732
21 12975
21 12792
21 13022
21 13518
21 12920
21 12853
21 14419
21 12777
21 13816
21 13415
21 12978
21 13673
21 14283
22 25617
22 25646
22 26105
22 25611
22 25624
22 25507
22 27186
22 25788
22 27626
22 27298
22 27817
22 28459
22 27401
22 27676
22 26706
22 25715
22 25731
22 26877
22 27305
22 25807
22 25453
22 27573
22 27159
22 25797
22 25449
23 51733
23 51343
23 51263
23 51372
23 51732
23 53396
23 52874
23 52891
23 59789
23 51012
23 52749
23 51643
23 51290
23 51201
23 50983
23 51247
23 51997
23 52339
23 52084
23 51545
23 52303
23 51228
23 51505
23 51442
23 51356
24 102691
24 102298
24 103604
24 102155
24 102438
24 101470
24 102996
24 104163
24 103098
24 103361
24 101869
24 102481
24 102261
24 102963
24 101626
24 103142
24 103455
24 102157
24 102538
24 104870
24 102959
24 104722
24 102064
24 104029
24 102313
25 204204
25 203714
25 204789
25 205154
25 204774
25 204556
25 205615
25 206009
25 205201
25 206179
25 203529
25 205713
25 204629
25 206121
25 205926
25 203918
25 204329
25 204322
25 205211
25 204685
25 206047
25 205039
25 205145
25 205590
25 203825
26 408535
26 406209
26 406070
26 415660
26 408944
26 408848
26 413117
26 408984
26 413315
26 408625
26 420289
26 411750
26 413753
26 411854
26 421716
26 422191
26 428396
26 408194
26 419758
26 406559
26 411668
26 408459
26 407531
26 406786
26 408623
27 825838
27 812079
27 811480
27 811336
27 813692
27 827445
27 810195
27 812878
27 810649
27 813108
27 810953
27 813291
27 814085
27 817774
27 813992
27 812393
27 814638
27 810028
27 811725
27 811268
27 814300
27 810005
27 811802
27 810438
27 814590
28 1622791
28 1622454
28 1625264
28 1619693
28 1618602
28 1619394
28 1617914
28 1618891
28 1625423
28 1621306
28 1626398
28 1627677
28 1621620
28 1619891
28 1632170
28 1618312
28 1623329
28 1683294
28 1622267
28 1620269
28 1620200
28 1621660
28 1618167
28 1623181
28 1622489
29 3236995
29 3234726
29 3234471
29 3246398
29 3237130
29 3234452
29 3239938
29 3235815
29 3234863
29 3242931
29 3241616
29 3236420
29 3242377
29 3235046
29 3236667
29 3235094
29 3238345
29 3238172
29 3237164
29 3235855
29 3246957
29 3234612
29 3239851
29 3237611
29 3237591
