100	943
100	515
100	588
100	626
100	405
100	449
100	407
100	429
100	329
100	307
100	290
100	267
100	304
100	304
100	238
100	301
100	242
100	231
100	259
100	220
100	258
100	258
100	258
100	222
100	228
100	213
100	216
100	191
100	219
100	215
100	218
100	199
100	227
100	255
100	210
100	226
100	214
100	207
100	254
100	209
100	239
100	254
100	228
100	252
100	240
100	217
100	227
100	232
100	255
100	266
100	213
100	267
100	277
100	263
100	255
100	233
100	238
100	222
100	240
100	196
70100	345
70100	330
70100	349
70100	402
70100	353
70100	340
70100	336
70100	312
70100	384
70100	359
70100	342
70100	314
70100	353
70100	329
70100	328
70100	364
70100	358
70100	345
70100	355
70100	323
70100	332
70100	340
70100	326
70100	304
70100	315
70100	335
70100	394
70100	331
70100	338
70100	328
70100	349
70100	330
70100	337
70100	372
70100	342
70100	328
70100	395
70100	346
70100	337
70100	295
70100	379
70100	326
70100	339
70100	365
70100	350
70100	332
70100	381
70100	353
70100	367
70100	357
70100	348
70100	334
70100	346
70100	372
70100	355
70100	343
70100	351
70100	369
70100	359
70100	323
140100	357
140100	340
140100	376
140100	337
140100	367
140100	386
140100	340
140100	375
140100	414
140100	372
140100	358
140100	334
140100	372
140100	462
140100	352
140100	378
140100	382
140100	368
140100	374
140100	351
140100	419
140100	371
140100	406
140100	354
140100	442
140100	384
140100	400
140100	366
140100	376
140100	462
140100	385
140100	380
140100	382
140100	372
140100	385
140100	360
140100	377
140100	374
140100	394
140100	292
140100	373
140100	367
140100	364
140100	397
140100	382
140100	364
140100	394
140100	365
140100	382
140100	375
140100	379
140100	365
140100	406
140100	346
140100	342
140100	377
140100	373
140100	384
140100	391
140100	365
210100	362
210100	360
210100	353
210100	401
210100	409
210100	394
210100	379
210100	352
210100	371
210100	359
210100	321
210100	411
210100	375
210100	404
210100	451
210100	390
210100	418
210100	405
210100	468
210100	369
210100	492
210100	401
210100	416
210100	357
210100	342
210100	424
210100	359
210100	360
210100	405
210100	353
210100	360
210100	361
210100	372
210100	367
210100	401
210100	333
210100	360
210100	380
210100	376
210100	363
210100	312
210100	344
210100	332
210100	342
210100	362
210100	360
210100	351
210100	349
210100	415
210100	309
210100	320
210100	341
210100	318
210100	316
210100	393
210100	350
210100	380
210100	355
210100	381
210100	333
280100	379
280100	403
280100	401
280100	382
280100	360
280100	376
280100	397
280100	344
280100	343
280100	362
280100	390
280100	353
280100	352
280100	369
280100	389
280100	397
280100	387
280100	374
280100	413
280100	431
280100	391
280100	386
280100	355
280100	355
280100	362
280100	316
280100	381
280100	551
280100	411
280100	393
280100	376
280100	402
280100	382
280100	379
280100	385
280100	354
280100	392
280100	372
280100	362
280100	342
280100	386
280100	388
280100	336
280100	370
280100	407
280100	400
280100	351
280100	414
280100	375
280100	437
280100	359
280100	358
280100	344
280100	349
280100	403
280100	379
280100	364
280100	410
280100	359
280100	373
350100	362
350100	361
350100	367
350100	352
350100	441
350100	625
350100	408
350100	388
350100	456
350100	452
350100	394
350100	451
350100	441
350100	396
350100	384
350100	396
350100	405
350100	383
350100	372
350100	380
350100	417
350100	342
350100	348
350100	336
350100	369
350100	363
350100	359
350100	368
350100	506
350100	380
350100	376
350100	364
350100	647
350100	383
350100	385
350100	414
350100	363
350100	374
350100	369
350100	392
350100	398
350100	407
350100	419
350100	397
350100	364
350100	383
350100	679
350100	1094
350100	601
350100	520
350100	436
350100	394
350100	364
350100	365
350100	397
350100	372
350100	374
350100	355
350100	410
350100	390
420100	319
420100	390
420100	417
420100	417
420100	351
420100	365
420100	386
420100	325
420100	402
420100	356
420100	382
420100	354
420100	427
420100	400
420100	351
420100	396
420100	609
420100	410
420100	374
420100	353
420100	389
420100	455
420100	390
420100	395
420100	373
420100	427
420100	400
420100	405
420100	397
420100	402
420100	464
420100	365
420100	431
420100	387
420100	397
420100	358
420100	395
420100	389
420100	425
420100	358
420100	418
420100	645
420100	402
420100	414
420100	631
420100	521
420100	387
420100	381
420100	370
420100	358
420100	483
420100	506
420100	390
420100	409
420100	335
420100	347
420100	358
420100	349
420100	370
420100	457
490100	486
490100	339
490100	351
490100	395
490100	340
490100	388
490100	385
490100	342
490100	410
490100	391
490100	349
490100	430
490100	646
490100	434
490100	347
490100	550
490100	477
490100	620
490100	441
490100	363
490100	388
490100	320
490100	561
490100	397
490100	386
490100	545
490100	375
490100	325
490100	432
490100	356
490100	378
490100	395
490100	379
490100	401
490100	423
490100	408
490100	436
490100	432
490100	395
490100	704
490100	390
490100	359
490100	452
490100	464
490100	402
490100	673
490100	438
490100	465
490100	358
490100	392
490100	423
490100	349
490100	381
490100	425
490100	364
490100	381
490100	423
490100	372
490100	400
490100	423
560100	621
560100	595
560100	455
560100	388
560100	395
560100	391
560100	408
560100	455
560100	435
560100	507
560100	603
560100	383
560100	409
560100	412
560100	390
560100	397
560100	384
560100	402
560100	379
560100	417
560100	444
560100	527
560100	411
560100	394
560100	383
560100	356
560100	380
560100	724
560100	366
560100	539
560100	402
560100	411
560100	396
560100	459
560100	446
560100	520
560100	448
560100	962
560100	439
560100	368
560100	374
560100	418
560100	407
560100	414
560100	391
560100	443
560100	498
560100	436
560100	456
560100	421
560100	377
560100	401
560100	401
560100	524
560100	332
560100	372
560100	390
560100	505
560100	416
560100	621
630100	461
630100	365
630100	410
630100	435
630100	413
630100	390
630100	458
630100	459
630100	421
630100	400
630100	356
630100	495
630100	386
630100	547
630100	674
630100	431
630100	375
630100	367
630100	571
630100	420
630100	482
630100	415
630100	467
630100	808
630100	431
630100	381
630100	459
630100	554
630100	443
630100	445
630100	413
630100	360
630100	401
630100	409
630100	394
630100	379
630100	378
630100	462
630100	500
630100	466
630100	444
630100	430
630100	607
630100	404
630100	425
630100	584
630100	389
630100	362
630100	361
630100	491
630100	572
630100	342
630100	332
630100	364
630100	420
630100	384
630100	633
630100	506
630100	379
630100	538
700100	484
700100	719
700100	386
700100	535
700100	432
700100	411
700100	381
700100	390
700100	666
700100	408
700100	425
700100	654
700100	432
700100	414
700100	451
700100	488
700100	449
700100	524
700100	461
700100	540
700100	773
700100	422
700100	981
700100	408
700100	887
700100	395
700100	415
700100	411
700100	395
700100	406
700100	434
700100	415
700100	372
700100	491
700100	621
700100	451
700100	498
700100	725
700100	420
700100	434
700100	408
700100	388
700100	416
700100	417
700100	379
700100	478
700100	476
700100	431
700100	431
700100	481
700100	415
700100	405
700100	402
700100	438
700100	435
700100	478
700100	478
700100	920
700100	464
700100	396
770100	450
770100	429
770100	440
770100	538
770100	670
770100	398
770100	922
770100	464
770100	414
770100	439
770100	385
770100	409
770100	431
770100	634
770100	429
770100	504
770100	450
770100	388
770100	482
770100	409
770100	426
770100	709
770100	470
770100	759
770100	396
770100	329
770100	423
770100	452
770100	371
770100	380
770100	436
770100	378
770100	413
770100	410
770100	397
770100	406
770100	465
770100	414
770100	440
770100	776
770100	370
770100	369
770100	455
770100	363
770100	485
770100	398
770100	428
770100	354
770100	479
770100	394
770100	681
770100	503
770100	362
770100	415
770100	386
770100	381
770100	461
770100	380
770100	478
770100	404
840100	431
840100	428
840100	333
840100	399
840100	721
840100	368
840100	452
840100	409
840100	376
840100	728
840100	516
840100	381
840100	447
840100	384
840100	486
840100	400
840100	406
840100	406
840100	410
840100	536
840100	438
840100	426
840100	384
840100	401
840100	507
840100	469
840100	455
840100	417
840100	672
840100	775
840100	548
840100	360
840100	393
840100	696
840100	440
840100	449
840100	419
840100	394
840100	374
840100	370
840100	395
840100	372
840100	445
840100	832
840100	700
840100	805
840100	391
840100	439
840100	637
840100	406
840100	407
840100	387
840100	431
840100	500
840100	392
840100	367
840100	402
840100	391
840100	420
840100	398
910100	480
910100	457
910100	659
910100	509
910100	426
910100	392
910100	701
910100	666
910100	485
910100	524
910100	360
910100	447
910100	366
910100	442
910100	372
910100	408
910100	401
910100	387
910100	402
910100	401
910100	731
910100	381
910100	540
910100	544
910100	393
910100	387
910100	388
910100	363
910100	416
910100	442
910100	403
910100	420
910100	440
910100	401
910100	446
910100	390
910100	378
910100	414
910100	1016
910100	425
910100	626
910100	476
910100	514
910100	434
910100	339
910100	633
910100	386
910100	590
910100	372
910100	353
910100	699
910100	400
910100	567
910100	394
910100	434
910100	479
910100	566
910100	385
910100	395
910100	436
980100	594
980100	609
980100	477
980100	363
980100	487
980100	411
980100	652
980100	455
980100	437
980100	658
980100	375
980100	572
980100	766
980100	497
980100	478
980100	463
980100	423
980100	446
980100	571
980100	633
980100	409
980100	395
980100	10669
980100	412
980100	477
980100	396
980100	387
980100	369
980100	413
980100	460
980100	385
980100	385
980100	332
980100	633
980100	398
980100	399
980100	380
980100	498
980100	400
980100	364
980100	695
980100	377
980100	377
980100	370
980100	419
980100	388
980100	348
980100	387
980100	725
980100	454
980100	399
980100	399
980100	399
980100	423
980100	373
980100	365
980100	402
980100	403
980100	412
980100	418
1050100	404
1050100	389
1050100	401
1050100	428
1050100	454
1050100	405
1050100	464
1050100	681
1050100	551
1050100	721
1050100	724
1050100	437
1050100	587
1050100	446
1050100	1050
1050100	411
1050100	615
1050100	502
1050100	520
1050100	424
1050100	591
1050100	461
1050100	417
1050100	405
1050100	387
1050100	413
1050100	642
1050100	514
1050100	426
1050100	483
1050100	393
1050100	364
1050100	413
1050100	422
1050100	728
1050100	467
1050100	459
1050100	607
1050100	385
1050100	624
1050100	428
1050100	681
1050100	444
1050100	441
1050100	435
1050100	423
1050100	461
1050100	379
1050100	451
1050100	388
1050100	435
1050100	438
1050100	451
1050100	544
1050100	586
1050100	407
1050100	406
1050100	378
1050100	401
1050100	401
1120100	393
1120100	427
1120100	649
1120100	437
1120100	387
1120100	369
1120100	382
1120100	465
1120100	416
1120100	838
1120100	665
1120100	415
1120100	732
1120100	387
1120100	684
1120100	416
1120100	395
1120100	373
1120100	402
1120100	411
1120100	416
1120100	419
1120100	472
1120100	519
1120100	528
1120100	466
1120100	381
1120100	420
1120100	499
1120100	431
1120100	473
1120100	468
1120100	442
1120100	391
1120100	440
1120100	441
1120100	475
1120100	407
1120100	468
1120100	597
1120100	382
1120100	474
1120100	487
1120100	525
1120100	618
1120100	485
1120100	424
1120100	489
1120100	475
1120100	467
1120100	444
1120100	413
1120100	458
1120100	523
1120100	478
1120100	480
1120100	416
1120100	417
1120100	446
1120100	445
1190100	660
1190100	442
1190100	412
1190100	450
1190100	421
1190100	398
1190100	414
1190100	453
1190100	473
1190100	659
1190100	525
1190100	488
1190100	490
1190100	435
1190100	426
1190100	441
1190100	595
1190100	425
1190100	510
1190100	575
1190100	489
1190100	561
1190100	587
1190100	793
1190100	559
1190100	440
1190100	508
1190100	519
1190100	480
1190100	414
1190100	419
1190100	420
1190100	609
1190100	521
1190100	465
1190100	809
1190100	410
1190100	324
1190100	425
1190100	980
1190100	437
1190100	531
1190100	399
1190100	567
1190100	445
1190100	532
1190100	442
1190100	431
1190100	420
1190100	453
1190100	629
1190100	724
1190100	496
1190100	448
1190100	450
1190100	454
1190100	714
1190100	492
1190100	405
1190100	592
1260100	311
1260100	566
1260100	421
1260100	435
1260100	395
1260100	512
1260100	436
1260100	567
1260100	446
1260100	511
1260100	460
1260100	415
1260100	429
1260100	527
1260100	363
1260100	455
1260100	478
1260100	424
1260100	867
1260100	477
1260100	576
1260100	425
1260100	498
1260100	432
1260100	484
1260100	499
1260100	414
1260100	426
1260100	582
1260100	467
1260100	688
1260100	491
1260100	403
1260100	403
1260100	417
1260100	475
1260100	562
1260100	446
1260100	439
1260100	514
1260100	499
1260100	758
1260100	523
1260100	499
1260100	525
1260100	832
1260100	412
1260100	446
1260100	420
1260100	463
1260100	443
1260100	493
1260100	449
1260100	485
1260100	395
1260100	476
1260100	415
1260100	618
1260100	396
1260100	551
1330100	423
1330100	493
1330100	421
1330100	438
1330100	411
1330100	766
1330100	436
1330100	524
1330100	777
1330100	424
1330100	684
1330100	525
1330100	489
1330100	756
1330100	499
1330100	750
1330100	451
1330100	523
1330100	400
1330100	635
1330100	496
1330100	644
1330100	462
1330100	436
1330100	423
1330100	411
1330100	441
1330100	401
1330100	505
1330100	958
1330100	623
1330100	406
1330100	604
1330100	575
1330100	456
1330100	801
1330100	441
1330100	511
1330100	568
1330100	927
1330100	763
1330100	405
1330100	392
1330100	698
1330100	430
1330100	437
1330100	463
1330100	515
1330100	436
1330100	464
1330100	523
1330100	495
1330100	420
1330100	631
1330100	483
1330100	497
1330100	551
1330100	885
1330100	568
1330100	725
1400100	456
1400100	610
1400100	446
1400100	552
1400100	434
1400100	782
1400100	419
1400100	438
1400100	758
1400100	486
1400100	703
1400100	590
1400100	451
1400100	481
1400100	823
1400100	457
1400100	745
1400100	609
1400100	414
1400100	563
1400100	773
1400100	870
1400100	648
1400100	558
1400100	1135
1400100	426
1400100	569
1400100	487
1400100	463
1400100	557
1400100	447
1400100	414
1400100	656
1400100	547
1400100	527
1400100	611
1400100	450
1400100	432
1400100	520
1400100	522
1400100	523
1400100	386
1400100	387
1400100	634
1400100	596
1400100	723
1400100	396
1400100	523
1400100	681
1400100	391
1400100	778
1400100	486
1400100	535
1400100	418
1400100	506
1400100	455
1400100	1002
1400100	435
1400100	409
1400100	347
1470100	517
1470100	415
1470100	437
1470100	435
1470100	573
1470100	542
1470100	577
1470100	411
1470100	539
1470100	431
1470100	483
1470100	400
1470100	471
1470100	810
1470100	437
1470100	454
1470100	470
1470100	471
1470100	392
1470100	496
1470100	491
1470100	563
1470100	422
1470100	630
1470100	398
1470100	559
1470100	443
1470100	696
1470100	530
1470100	487
1470100	454
1470100	815
1470100	778
1470100	536
1470100	552
1470100	506
1470100	565
1470100	545
1470100	455
1470100	753
1470100	716
1470100	479
1470100	439
1470100	456
1470100	483
1470100	416
1470100	470
1470100	583
1470100	563
1470100	407
1470100	481
1470100	413
1470100	614
1470100	423
1470100	679
1470100	471
1470100	575
1470100	667
1470100	446
1470100	704
1540100	562
1540100	510
1540100	448
1540100	569
1540100	520
1540100	420
1540100	557
1540100	711
1540100	423
1540100	483
1540100	1097
1540100	497
1540100	493
1540100	590
1540100	493
1540100	561
1540100	551
1540100	423
1540100	438
1540100	556
1540100	829
1540100	409
1540100	478
1540100	489
1540100	474
1540100	525
1540100	519
1540100	551
1540100	765
1540100	807
1540100	745
1540100	526
1540100	463
1540100	510
1540100	566
1540100	545
1540100	555
1540100	468
1540100	608
1540100	560
1540100	582
1540100	688
1540100	560
1540100	506
1540100	539
1540100	575
1540100	466
1540100	464
1540100	592
1540100	524
1540100	442
1540100	737
1540100	398
1540100	551
1540100	341
1540100	630
1540100	489
1540100	501
1540100	779
1540100	511
1610100	495
1610100	451
1610100	498
1610100	448
1610100	530
1610100	521
1610100	464
1610100	545
1610100	472
1610100	431
1610100	689
1610100	606
1610100	468
1610100	447
1610100	627
1610100	638
1610100	539
1610100	774
1610100	504
1610100	427
1610100	402
1610100	637
1610100	456
1610100	806
1610100	588
1610100	490
1610100	445
1610100	381
1610100	716
1610100	513
1610100	435
1610100	571
1610100	598
1610100	445
1610100	488
1610100	485
1610100	505
1610100	587
1610100	529
1610100	539
1610100	704
1610100	860
1610100	523
1610100	426
1610100	446
1610100	411
1610100	619
1610100	476
1610100	492
1610100	503
1610100	553
1610100	680
1610100	474
1610100	546
1610100	571
1610100	664
1610100	686
1610100	530
1610100	455
1610100	532
1680100	518
1680100	593
1680100	727
1680100	667
1680100	1036
1680100	588
1680100	707
1680100	533
1680100	514
1680100	571
1680100	446
1680100	473
1680100	489
1680100	609
1680100	681
1680100	532
1680100	394
1680100	707
1680100	430
1680100	477
1680100	592
1680100	486
1680100	525
1680100	842
1680100	571
1680100	464
1680100	546
1680100	449
1680100	530
1680100	452
1680100	423
1680100	503
1680100	471
1680100	889
1680100	478
1680100	786
1680100	403
1680100	491
1680100	442
1680100	574
1680100	518
1680100	475
1680100	520
1680100	700
1680100	890
1680100	664
1680100	570
1680100	444
1680100	506
1680100	975
1680100	584
1680100	652
1680100	559
1680100	430
1680100	730
1680100	392
1680100	461
1680100	448
1680100	493
1680100	411
1750100	643
1750100	452
1750100	367
1750100	464
1750100	668
1750100	477
1750100	678
1750100	443
1750100	535
1750100	574
1750100	680
1750100	540
1750100	707
1750100	473
1750100	490
1750100	541
1750100	1081
1750100	739
1750100	559
1750100	518
1750100	1012
1750100	712
1750100	1110
1750100	804
1750100	521
1750100	744
1750100	472
1750100	420
1750100	503
1750100	647
1750100	483
1750100	514
1750100	1033
1750100	582
1750100	545
1750100	763
1750100	942
1750100	524
1750100	593
1750100	564
1750100	553
1750100	613
1750100	584
1750100	684
1750100	584
1750100	611
1750100	490
1750100	548
1750100	762
1750100	811
1750100	559
1750100	818
1750100	604
1750100	573
1750100	567
1750100	537
1750100	453
1750100	781
1750100	438
1750100	532
1820100	438
1820100	703
1820100	461
1820100	688
1820100	492
1820100	529
1820100	780
1820100	518
1820100	675
1820100	687
1820100	597
1820100	770
1820100	449
1820100	509
1820100	531
1820100	498
1820100	441
1820100	516
1820100	413
1820100	656
1820100	587
1820100	826
1820100	509
1820100	568
1820100	623
1820100	979
1820100	431
1820100	462
1820100	466
1820100	533
1820100	464
1820100	487
1820100	481
1820100	500
1820100	746
1820100	548
1820100	421
1820100	436
1820100	674
1820100	518
1820100	826
1820100	465
1820100	569
1820100	588
1820100	605
1820100	553
1820100	569
1820100	477
1820100	485
1820100	589
1820100	473
1820100	426
1820100	524
1820100	462
1820100	652
1820100	511
1820100	875
1820100	629
1820100	429
1820100	1341
1890100	599
1890100	482
1890100	535
1890100	627
1890100	528
1890100	507
1890100	441
1890100	650
1890100	849
1890100	574
1890100	874
1890100	860
1890100	488
1890100	560
1890100	516
1890100	612
1890100	594
1890100	1083
1890100	755
1890100	492
1890100	442
1890100	449
1890100	970
1890100	468
1890100	491
1890100	1164
1890100	552
1890100	389
1890100	584
1890100	500
1890100	692
1890100	444
1890100	886
1890100	655
1890100	877
1890100	470
1890100	1175
1890100	556
1890100	599
1890100	501
1890100	441
1890100	806
1890100	708
1890100	542
1890100	534
1890100	633
1890100	536
1890100	531
1890100	399
1890100	1185
1890100	482
1890100	524
1890100	500
1890100	732
1890100	583
1890100	500
1890100	697
1890100	596
1890100	509
1890100	494
