Tamaño: 100
37
38
36
30
27
32
39
40
32
25
31
24
26
29
26
Tamaño: 800
1276
1273
1925
1372
1276
1451
1435
1480
1279
1397
1410
1453
1351
1426
1324
Tamaño: 1500
4871
5120
5277
4976
6586
6168
4634
5241
4791
5528
5386
4708
4872
4945
5041
Tamaño: 2200
10199
10263
10700
10660
10853
9662
11184
11138
10301
11801
10876
10771
11058
14171
10419
Tamaño: 2900
20699
19924
19059
22823
19482
18249
18516
18083
18005
20567
19830
18708
20778
20028
17801
Tamaño: 3600
30681
33427
27362
29872
26972
29373
28121
28018
29441
31321
34727
27853
27955
30556
28090
Tamaño: 4300
39378
41025
51556
41557
48125
42304
40909
46998
43267
44760
42308
41234
39148
43368
44486
Tamaño: 5000
61132
54783
58463
59806
56528
67350
58270
54308
60538
59831
56649
55208
55051
58335
58705
Tamaño: 5700
73939
74949
84865
74912
79508
75320
72839
91548
72409
73573
73706
72633
78111
75223
73488
Tamaño: 6400
112462
99034
91309
95351
97822
97621
115996
104011
100155
94268
95464
95622
105621
116395
96616
Tamaño: 7100
123857
122417
132299
126137
150903
118084
130794
133761
119683
117472
116171
115327
125109
138741
127509
Tamaño: 7800
174965
159105
158368
144207
144375
139182
145556
142970
137750
144656
154807
138847
170582
163135
161867
Tamaño: 8500
203139
215129
166799
170547
215516
165758
167312
183188
187380
167487
170323
173919
178327
199954
182948
Tamaño: 9200
234738
199644
202405
198931
200676
217770
209881
203929
210375
214538
220816
255592
209028
203279
246890
Tamaño: 9900
267751
228266
247971
262730
269142
240625
232195
241298
234797
263362
233487
244661
291294
241068
260862
Tamaño: 10600
270144
278054
342522
265207
299363
324069
279963
261422
310685
327057
280308
267518
284203
300979
320280
Tamaño: 11300
306070
305712
306572
361357
305586
305457
373562
383223
388921
308408
333008
370094
314383
383194
382649
Tamaño: 12000
368576
346111
407840
352725
446811
372746
372364
355116
387022
355521
352736
346509
351865
347246
409239
Tamaño: 12700
408757
410605
505068
508240
481699
468339
473692
396562
390412
477120
391928
394893
388057
431632
410026
Tamaño: 13400
439587
436359
506921
445073
498311
446999
436438
523259
583452
544185
483353
570688
487519
457768
449216
Tamaño: 14100
489375
606242
532958
581380
648956
521840
594169
598942
502001
532086
484538
584665
520749
516242
491457
Tamaño: 14800
676265
689610
639954
581200
534093
527903
553347
541890
547036
678728
531797
548912
566226
683876
542231
Tamaño: 15500
595714
706397
637168
645536
582166
805946
632460
664425
601862
768406
791497
646428
694077
611096
608798
Tamaño: 16200
738187
685491
790510
713775
865360
844838
648364
756731
708276
685538
841729
694028
748803
818547
683434
Tamaño: 16900
791559
718491
708533
721932
765457
933870
835251
731226
767709
938406
818064
750755
747758
751416
881835
Tamaño: 17600
832471
811010
946916
854555
766980
1017587
871384
1020899
793328
949157
793386
769718
1018338
794822
946399
Tamaño: 18300
882362
1033506
852770
857192
1080228
862329
1171081
878687
884441
1047104
844299
857411
919213
1103802
894087
Tamaño: 19000
1104223
1053112
934318
951348
1012134
996684
992698
1280261
904688
1155554
973844
916343
1065092
1136734
1017889
45
28
28
26
27
37
27
26
25
26
25
30
26
33
33
1778
1680
2023
1703
1413
1539
1271
1328
1250
1359
1365
1302
1360
1375
1301
4608
4331
4681
4512
4437
4519
5196
4785
4326
4375
4645
4932
4385
4732
4759
9702
10223
10088
9532
11908
10446
9897
10673
9911
10321
9716
10112
9164
10082
10962
17157
17430
18386
16146
19206
17491
16273
17097
18192
16288
18565
16477
18693
16847
18072
27477
30909
32021
25242
27494
26026
25836
28925
27183
30886
29230
25710
27509
26351
25201
38668
38738
37314
38407
40130
41383
40620
40861
39209
37527
39359
38255
42059
45754
48159
56182
57726
55135
53576
67372
60004
68045
51847
54732
58451
52916
55143
64006
51511
59605
66921
73244
75482
74021
73984
68283
68338
74207
72779
68325
69618
73463
73869
83272
76384
102327
93685
115612
92026
108812
95309
87609
88573
98511
98956
91717
94515
85596
108374
88416
136503
112768
121865
119126
134357
108344
112307
106254
140180
116715
127068
129813
119821
129919
127239
142659
142493
159591
147266
143338
172330
139743
138942
152903
131044
141772
144869
134375
168768
130221
157012
155151
193717
174790
164741
170887
168277
164914
185036
157783
164958
159333
158946
172082
158111
223352
194461
223377
199438
183453
206929
188345
237647
221369
212344
192930
185109
186648
236386
205981
215449
218207
216257
235348
228025
238066
219131
261249
234731
242596
217215
269398
226471
242207
214987
298192
258124
270988
294951
293167
275605
250673
250396
255211
255007
250181
252514
256777
246073
256465
315519
343950
283268
333944
290248
339401
366264
375085
376642
339844
328416
310202
287360
312502
283327
381295
345977
330054
329113
381607
400543
368572
326946
326502
337454
421080
381040
334669
401288
328714
376857
366565
461570
364996
397474
368138
455008
367344
357128
369598
360084
369423
418586
367420
379467
398385
518462
511226
432966
445325
486350
401688
520530
442126
424649
474923
403417
441810
409755
417935
489455
469170
453475
519044
492685
482649
571922
513863
527688
462909
481234
531502
546989
544208
612584
560584
598998
499263
533412
497293
539421
518518
567883
635681
504023
535662
508126
542347
506728
572720
568357
584286
626829
590214
557364
590708
550150
552029
589318
577330
550644
548677
564234
542423
563856
605641
612727
739623
627241
617756
612222
640469
653688
669652
637352
714988
665031
709975
730147
650365
824029
647754
656133
731071
675297
688051
660912
853588
709403
665878
648634
650063
737937
669664
657002
720318
857877
718044
720292
806087
728940
710232
814909
743638
710529
707468
784504
816779
819413
832083
1002244
857495
817508
817664
786045
821981
769057
901035
810180
884543
864634
994760
864464
930241
900447
850759
854029
874910
851466
950056
1082984
826584
846123
924983
916344
841252
1088783
875463
854026
933561
